1.068338683172243240e-08 2.134426752936123574e-08
3.788139105720688713e-09 7.567951277799267808e-09
1.764212401641134184e-09 3.524398815872088397e-09
8.963808101617558409e-10 1.790643822202068931e-09
4.627457735658624060e-10 9.243617456811088077e-10
2.307249003010304803e-10 4.608684859413712466e-10
1.045153346212677503e-10 2.087592432386691822e-10
3.834716122282112291e-11 7.659177512820335409e-11
8.068845566734686278e-12 1.611549214702463664e-11
1.436365993462074564e-42 2.869859254937225361e-42
5.972755049227075304e-12 1.192815939110443183e-11
2.091114926256359859e-11 4.175994556513871934e-11
4.156172972610696708e-11 8.299633824731007523e-11
6.578890529126807257e-11 1.313715359925141859e-10
9.216530486274956647e-11 1.840345591813129092e-10
1.197243664027715347e-10 2.390549699645921501e-10
1.478060480575857530e-10 2.951146370191042894e-10
1.759579653954171875e-10 3.513102327243239906e-10
2.038705572833413043e-10 4.070237133300788996e-10
2.313337108522759025e-10 4.618356699473694699e-10
2.582072384794934929e-10 5.154663526502058817e-10
2.844004812003917748e-10 5.677349268038479419e-10
3.098580345162889597e-10 6.185309601544923878e-10
3.345496474531033871e-10 6.677942467147919547e-10
3.584630068553222395e-10 7.155003943013265094e-10
3.815985417161950081e-10 7.616504472868727061e-10
4.039656577268875181e-10 8.062633662856290917e-10
4.255799945685984490e-10 8.493705507658192213e-10
4.464614210304911068e-10 8.910118354261910721e-10
4.666325665460521823e-10 9.312325580028162807e-10
4.861177453574718478e-10 9.700814112743413190e-10
5.049421697271446156e-10 1.007608872359561162e-09
5.231313769724250496e-10 1.043866059048681973e-09
5.407108152916748425e-10 1.078903903245432865e-09
5.577055478553663013e-10 1.112772560573695978e-09
5.741400451420364634e-10 1.145520996188690570e-09
5.900380431652264840e-10 1.177196702146416862e-09
6.054224508703455019e-10 1.207845512936447517e-09
6.203152941451886741e-10 1.237511494102041410e-09
6.347376869850065625e-10 1.266236885057801564e-09
6.487098226683255799e-10 1.294062081839505275e-09
6.622509795387468079e-10 1.321025648994052004e-09
6.753795372996890700e-10 1.347164352437293951e-09
6.881130007222038859e-10 1.372513207090983504e-09
7.004680284204030543e-10 1.397105534616689685e-09
7.124604649237028682e-10 1.420973027712102963e-09
7.241053747137808967e-10 1.444145818311183821e-09
7.354170772296613377e-10 1.466652547699537390e-09
7.464091821011873148e-10 1.488520437069240402e-09
7.570946240678967425e-10 1.509775357430148299e-09
7.674856971909703041e-10 1.530441898095487908e-09
7.775940880811807795e-10 1.550543433189595084e-09
7.874309079537405147e-10 1.570102185801240952e-09
7.970067233879039938e-10 1.589139289539624457e-09
8.063315857198698251e-10 1.607674847351234075e-09
8.154150590356812995e-10 1.625727987531909225e-09
8.242662467592692443e-10 1.643316916925162452e-09
8.328938168517209787e-10 1.660458971339557413e-09
8.413060256530188076e-10 1.677170663248184155e-09
8.495107404081958313e-10 1.693467726854553454e-09
8.575154605271270414e-10 1.709365160623727279e-09
8.653273376318312155e-10 1.724877267386759409e-09
8.729531944478186164e-10 1.740017692131756317e-09
8.803995425971811681e-10 1.754799457597197746e-09
8.876725993511443260e-10 1.769234997783124155e-09
8.947783033990066928e-10 1.783336189494209197e-09
9.017223296889882610e-10 1.797114382025891756e-09
9.085101033946891906e-10 1.810580425101078470e-09
9.151468130587421051e-10 1.823744695160688807e-09
9.216374229629593190e-10 1.836617120106714368e-09
9.279866847718790302e-10 1.849207202591677425e-09
9.341991484941777460e-10 1.861524041943483808e-09
9.402791728040024911e-10 1.873576354809815515e-09
9.462309347618738065e-10 1.885372494601423977e-09
9.520584389724985743e-10 1.896920469809022531e-09
9.577655262145816699e-10 1.908227961264000784e-09
9.633558815755767390e-10 1.919302338408857151e-09
9.688330421222637457e-10 1.930150674639153011e-09
9.742004041360895193e-10 1.940779761774883672e-09
9.794612299403734569e-10 1.951196123715472104e-09
9.846186543447145115e-10 1.961406029329099084e-09
9.896756907303381011e-10 1.971415504623821352e-09
9.946352367985292531e-10 1.981230344244823783e-09
9.995000800029078051e-10 1.990856122339287424e-09
1.004272902684901690e-09 2.000298202827617719e-09
1.008956286930543900e-09 2.009561749117286592e-09
1.013552719165512900e-09 2.018651733293115110e-09
1.018064594504239014e-09 2.027572944815680220e-09
1.022494220867869661e-09 2.036329998757404050e-09
1.026843822884916464e-09 2.044927343603990390e-09
1.031115545587518222e-09 2.053369268647076799e-09
1.035311457915405083e-09 2.061659910992275011e-09
1.039433556038875377e-09 2.069803262205231328e-09
1.043483766511373047e-09 2.077803174616865429e-09
1.047463949261561844e-09 2.085663367307606444e-09
1.051375900434172296e-09 2.093387431789162996e-09
1.055221355088302709e-09 2.100978837401195922e-09
1.059001989761305802e-09 2.108440936439157304e-09
1.062719424905882821e-09 2.115776969028539912e-09
1.066375227207522047e-09 2.122990067759816673e-09
