1.417230682365539895e-09 2.800653583566627506e-09
1.307334719561140575e-09 2.593453938322345522e-09
1.103259654339126518e-09 2.195686509053275926e-09
8.691631045093068472e-10 1.732493111908976599e-09
6.347376869850067693e-10 1.266236885057801978e-09
4.208408980459499403e-10 8.399193652583475254e-10
2.423797931632109267e-10 4.838805496309299579e-10
1.092983882565402571e-10 2.182404488443058499e-10
2.753044861795938810e-11 5.497807580640677348e-11
7.038193367964169918e-41 1.406231034919240427e-40
2.754248821422012116e-11 5.501076145374383660e-11
1.096561625807188471e-10 2.190280194503151017e-10
2.450601369653564867e-10 4.895044191011769208e-10
4.320792249035892893e-10 8.631000680915801232e-10
6.688928606568168457e-10 1.336181831003300513e-09
9.536861765451351919e-10 1.905126285681634783e-09
1.284734886741000447e-09 2.566489965003714914e-09
1.660447575863644225e-09 3.317094234184605589e-09
2.079381817012318082e-09 4.154057728898394821e-09
2.540245007774124069e-09 5.074798170762640473e-09
3.041886870710369106e-09 6.077017474749795020e-09
3.583287898026797140e-09 7.158678720327185936e-09
4.163546275484594468e-09 8.317980064034075178e-09
4.781864697290239152e-09 9.553328422163179589e-09
5.437537752660703707e-09 1.086331428917170980e-08
6.129940068496153108e-09 1.224668806478932205e-08
6.858515041747020179e-09 1.370233756119917030e-08
7.622763759138755727e-09 1.522926588954353441e-08
8.422233588190283758e-09 1.682656869647500180e-08
9.256505947208407987e-09 1.849340976704687851e-08
1.012518292000495787e-08 2.022899432395672733e-08
1.102787264017508236e-08 2.203253986903468905e-08
1.196417367219476500e-08 2.390324501607978665e-08
1.293365889710706386e-08 2.584025732457395053e-08
1.393585961464003782e-08 2.784264155243848936e-08
1.497025066948929741e-08 2.990934993913923922e-08
1.603623739143944666e-08 3.203919609620682553e-08
1.713314502296488815e-08 3.423083385217526473e-08
1.826021112340250672e-08 3.648274203165473330e-08
1.941658121985104754e-08 3.879321571177619943e-08
2.060130775331122878e-08 4.116036405685499170e-08
2.181335216908011902e-08 4.358211443350515204e-08
2.305158983927511301e-08 4.605622218611065181e-08
2.431481739041086346e-08 4.858028522227422739e-08
2.560176194105034511e-08 5.115176242146385863e-08
2.691109172955244982e-08 5.376799482937084142e-08
2.824142762265174407e-08 5.642622862118941118e-08
2.959135503347914342e-08 5.912363889208411275e-08
3.095943583402431039e-08 6.185735344529070555e-08
3.234421991408112594e-08 6.462447588187870419e-08
3.374425610978637203e-08 6.742210743795830350e-08
3.515810229479362671e-08 7.024736715470581798e-08
3.658433449219717979e-08 7.309741009655536454e-08
3.802155492312278846e-08 7.596944344842092554e-08
3.946839895712649224e-08 7.886074042124278942e-08
4.092354096975383548e-08 8.176865197560619633e-08
4.238569914402268607e-08 8.469061643607059757e-08
4.385363927585959009e-08 8.762416711547186046e-08
4.532617765956639630e-08 9.056693810065733866e-08
4.680218313928366915e-08 9.351666837099986471e-08
4.828057841724018960e-08 9.647120443078693089e-08
4.976034071038307343e-08 9.942850163828885029e-08
5.124050184473212631e-08 1.023866244098968338e-07
5.272014787233741678e-08 1.053437454688686508e-07
5.419841828975855705e-08 1.082981442963640443e-07
5.567450493011522073e-08 1.112482049287697772e-07
5.714765059344964381e-08 1.141924132307393290e-07
5.861714747275191004e-08 1.171293537586278931e-07
6.008233542579364811e-08 1.200577063146188418e-07
6.154260013607955086e-08 1.229762422781859287e-07
6.299737119988087684e-08 1.258838207888581682e-07
6.444612017053036928e-08 1.287793848426936583e-07
6.588835858596120904e-08 1.316619573544818136e-07
6.732363600086982770e-08 1.345306372284886815e-07
6.875153804084697021e-08 1.373845954724913320e-07
7.017168449232563828e-08 1.402230713828533241e-07
7.158372743919215831e-08 1.430453688223868623e-07
7.298734945435209837e-08 1.458508526076351446e-07
7.438226185238911155e-08 1.486389450178983860e-07
7.576820300765311715e-08 1.514091224347187443e-07
7.714493674062074043e-08 1.541609121175504366e-07
7.851225077414442755e-08 1.568938891188838233e-07
7.986995526020772273e-08 1.596076733400911007e-07
8.121788137700071786e-08 1.623019267276517954e-07
8.255587999549043928e-08 1.649763506081340081e-07
8.388382041415969187e-08 1.676306831593026930e-07
8.520158916020332722e-08 1.702646970139552208e-07
8.650908885518115162e-08 1.728781969925007619e-07
8.780623714291617502e-08 1.754710179598799759e-07
8.909296567728294670e-08 1.780430228021291121e-07
9.036921916743777428e-08 1.805941005177064326e-07
9.163495447799398480e-08 1.831241644186002201e-07
9.289013978163052372e-08 1.856331504362059472e-07
9.413475376163514462e-08 1.881210155269853025e-07
9.536878486191806486e-08 1.905877361729883287e-07
9.659223058208262573e-08 1.930333069724191852e-07
9.780509681520363167e-08 1.954577393155554361e-07
9.900739722603784108e-08 1.978610601414749170e-07
1.001991526674700803e-07 2.002433107712045872e-07
1.013803906330847833e-07 2.026045458130752349e-07
